11314340
24889392
11409972
11338033
10184653
5287969
6450551
11364421
9926054
16007391
5328940
11234052
11656518
6918454
156414
9933475
11626560
3062316
156422
44150621
176167
176870
42642645
11717001
16725726
11617559
123631
5291
4908365
11427553
208908
126565
11485656
9929127
11712649
10074640
51004351
11667893
9915743
644241
447077
10461815
9884685
24180719
25243800
10113978
17755052
11984591
153999
25127112
176155
24779724
3025986
10138260
10127622
216239
44259
5329102
16038120
10427712
16722836
3038522
9926791
5494449
3038525
3081361
9809715
151194