10.130451 1
10.087451 1
9.987619 1
9.887215 1
9.824477 1
9.800434 1
9.35682 1
9.316163 1
9.304029 1
9.285666 1
9.250915 1
9.054359 1
9.030761 1
9.013298 1
8.915071 0
8.91204 1
8.892797 1
8.86743 1
8.865134 1
8.796327 1
8.774156 1
8.695689 1
8.676826 1
8.674575 0
8.669868 1
8.66078 1
8.640672 0
8.635604 1
8.634661 1
8.603129 1
8.583723 1
8.571951 1
8.555489 1
8.50613 1
8.495113 1
8.453552 1
8.450135 1
8.449944 1
8.434239 1
8.432858 1
8.399401 1
8.391707 1
8.390591 1
8.38058 1
8.360764 1
8.339873 1
8.338269 1
8.33713 1
8.337118 1
8.336706 1
8.334761 1
8.33149 1
8.291009 1
8.289808 1
8.273914 1
8.272517 1
8.264469 1
8.255845 1
8.243965 1
8.240751 1
8.220276 1
8.210473 1
8.19758 1
8.192187 1
8.177121 1
8.169069 1
8.165183 1
8.15962 1
8.149717 1
8.143569 1
8.114035 1
8.112826 1
8.101979 1
8.101307 1
8.092294 1
8.088065 1
8.084856 1
8.071877 1
8.068506 1
8.051327 1
8.045857 1
8.040451 1
8.019827 1
8.016048 1
8.013786 1
8.003153 1
7.998758 0
7.981088 1
7.971001 1
7.965493 0
7.957988 0
7.955157 1
7.946476 0
7.911903 1
7.910737 1
7.893789 0
7.89309 1
7.879422 0
7.87263 1
7.86899 1
7.842661 0
7.830593 0
7.820717 1
7.804319 0
7.801798 1
7.801029 1
7.798142 1
7.796021 1
7.784809 1
7.768586 0
7.766506 1
7.765975 1
7.763788 0
7.749404 0
7.747898 1
7.747728 1
7.741408 1
7.738621 1
7.722827 1
7.690145 0
7.681246 1
7.680966 1
7.678854 1
7.671775 1
7.671638 1
7.670711 1
7.670525 1
7.668772 1
7.666413 1
7.663682 0
7.655518 1
7.654011 0
7.649772 1
7.644431 0
7.60959 1
7.606379 1
7.602707 0
7.598328 1
7.595605 1
7.594181 0
7.593227 1
7.591836 1
7.589616 1
7.570425 1
7.56432 0
7.563102 1
7.548107 0
7.547139 1
7.546841 1
7.536729 1
7.53349 1
7.528707 1
7.521721 1
7.516424 0
7.516054 0
7.515821 1
7.515079 1
7.51116 1
7.509795 0
7.505704 1
7.505222 1
7.503408 1
7.490519 0
7.487705 0
7.477874 1
7.471918 0
7.471005 0
7.467671 0
7.463671 0
7.460841 1
7.457575 1
7.454417 0
7.450436 1
7.444669 1
7.443137 1
7.441978 1
7.440103 1
7.435001 1
7.434237 1
7.429917 1
7.423674 1
7.422914 1
7.416045 1
7.41337 1
7.409737 0
7.407942 1
7.396635 1
7.395441 1
7.386526 1
7.385417 1
7.383966 1
7.380079 1
7.379645 1
7.378834 1
7.377394 0
7.374756 0
7.374163 1
7.369409 1
7.36355 1
7.360794 1
7.356734 1
7.354841 0
7.353774 1
7.352165 0
7.350532 1
7.350379 1
7.349469 1
7.348941 0
7.342464 1
7.338526 0
7.334839 1
7.33351 0
7.327612 1
7.326595 1
7.32479 1
7.319437 1
7.312552 1
7.311818 1
7.305526 1
7.303969 1
7.294463 1
7.281019 1
7.278846 1
7.277961 1
7.277902 0
7.277154 1
7.275466 0
7.270776 1
7.268799 1
7.259944 1
7.258705 1
7.249465 0
7.239851 0
7.239549 1
7.239455 1
7.237664 1
7.231355 1
7.22075 1
7.219706 0
7.211054 0
7.208426 1
7.206786 0
7.201771 1
7.199173 0
7.196824 1
7.196464 1
7.194683 1
7.192244 0
7.190387 1
7.189363 1
7.187128 1
7.186117 1
7.180361 1
7.172466 1
7.170248 1
7.169956 0
7.169196 1
7.168884 1
7.168814 1
7.164316 1
7.163908 1
7.161325 1
7.154714 0
7.154406 0
7.153962 0
7.153198 0
7.14483 1
7.142881 1
7.142642 1
7.132344 0
7.124804 0
7.113979 0
7.113312 1
7.109247 1
7.103447 1
7.102996 0
7.095913 1
7.091926 0
7.086544 1
7.086104 1
7.084942 0
7.083959 0
7.08322 0
7.076891 1
7.073491 0
7.066228 1
7.063964 1
7.060895 0
7.060131 1
7.058233 1
7.055721 0
7.054472 0
7.054132 1
7.053948 1
7.053752 0
7.053143 1
7.052268 1
7.051262 1
7.049858 1
7.048734 1
7.047426 0
7.04051 0
7.037944 1
7.035055 0
7.0323 1
7.027491 0
7.018925 0
7.004968 1
7.004466 1
7.002705 1
7.002659 1
6.994919 0
6.994382 0
6.993047 0
6.991087 0
6.987969 1
6.9838 1
6.981983 1
6.981951 0
6.979948 0
6.97902 1
6.972022 0
6.970584 0
6.970047 0
6.969409 0
6.966975 0
6.966905 1
6.963492 1
6.962254 0
6.955427 0
6.953282 1
6.951373 0
6.945829 1
6.944447 1
6.943975 0
6.941161 0
6.938641 1
6.93698 1
6.936407 0
6.934062 1
6.931931 0
6.928619 1
6.928277 0
6.926459 0
6.92531 1
6.923906 1
6.92213 1
6.921957 0
6.921329 0
6.921061 1
6.918212 1
6.9141 0
6.913242 1
6.912976 1
6.909995 0
6.901797 0
6.89766 1
6.892601 0
6.878649 1
6.866752 1
6.864004 0
6.86093 1
6.860023 0
6.853384 0
6.851652 0
6.851645 1
6.840827 0
6.837005 0
6.836993 0
6.835425 1
6.833462 1
6.829483 0
6.82857 0
6.823667 0
6.82314 1
6.821942 1
6.8182 1
6.815796 0
6.814466 0
6.813591 1
6.81357 1
6.811229 1
6.811197 1
6.808077 1
6.80607 0
6.802758 1
6.801901 0
6.799164 0
6.795765 0
6.790169 1
6.784911 0
6.783463 1
6.78336 0
6.778296 1
6.775169 0
6.77167 0
6.771261 0
6.761505 0
6.761205 0
6.759097 0
6.754912 0
6.75235 0
6.746739 0
6.743476 1
6.742011 1
6.740379 0
6.74007 1
6.73887 0
6.737561 0
6.73747 0
6.736556 0
6.733221 1
6.729845 0
6.727849 0
6.727552 0
6.715516 1
6.714968 0
6.714838 1
6.711439 1
6.709931 1
6.709617 0
6.709071 1
6.708096 0
6.705735 1
6.705292 0
6.704801 0
6.700783 1
6.698185 0
6.697219 0
6.696011 0
6.691796 0
6.689896 0
6.68976 1
6.688498 0
6.687608 0
6.685362 0
6.674814 1
6.669333 0
6.668598 0
6.663779 0
6.661459 1
6.655137 0
6.65246 0
6.648902 0
6.646601 0
6.644856 0
6.641812 0
6.640878 1
6.639075 1
6.636263 1
6.63544 1
6.632514 0
6.627625 0
6.627282 0
6.625795 0
6.625497 1
6.618482 0
6.615541 1
6.613861 0
6.612648 0
6.610013 1
6.603352 0
6.600193 1
6.598676 1
6.595469 0
6.595419 0
6.593555 0
6.592465 0
6.591549 0
6.589671 0
6.588861 0
6.585303 0
6.585211 0
6.582937 0
6.582823 0
6.57932 0
6.578493 0
6.577766 0
6.575261 1
6.57504 1
6.570453 1
6.568001 0
6.56558 1
6.561798 0
6.556615 1
6.555758 0
6.554327 0
6.54925 0
6.54734 0
6.544855 0
6.539598 1
6.538935 0
6.538798 0
6.535323 0
6.53491 0
6.533578 0
6.532106 0
6.529842 0
6.52714 0
6.520888 0
6.51795 1
6.516959 0
6.513422 1
6.509735 0
6.508839 0
6.506629 0
6.506346 1
6.505948 1
6.498584 0
6.497221 0
6.493701 0
6.493522 1
6.493509 0
6.491064 0
6.488136 0
6.484214 1
6.481924 0
6.477879 0
6.477514 1
6.470271 0
6.463146 1
6.457583 1
6.454565 1
6.448994 0
6.448126 0
6.447131 0
6.447105 0
6.446496 0
6.443613 0
6.441384 0
6.440887 0
6.440788 1
6.440038 1
6.439209 0
6.43877 0
6.438713 0
6.43657 0
6.43256 0
6.427851 0
6.423275 0
6.423163 0
6.422266 1
6.422158 0
6.419935 0
6.419909 1
6.417161 0
6.415905 0
6.415214 1
6.414257 1
6.410895 0
6.410225 0
6.409902 0
6.409879 1
6.408845 1
6.408466 0
6.40625 0
6.404415 0
6.403482 0
6.402886 1
6.402478 0
6.402023 0
6.400878 0
6.399115 0
6.398782 0
6.398228 0
6.396962 0
6.395105 0
6.39487 0
6.392082 0
6.390676 1
6.390052 0
6.389215 0
6.388505 0
6.386936 0
6.38553 0
6.385112 0
6.384061 0
6.38348 0
6.375031 0
6.375008 0
6.369608 0
6.367173 0
6.366851 0
6.366129 0
6.36574 0
6.362659 0
6.362263 0
6.361992 0
6.360914 1
6.360879 0
6.346557 0
6.345112 0
6.34508 0
6.344793 0
6.344021 0
6.341413 0
6.334689 1
6.332533 1
6.332273 0
6.331488 0
6.330891 0
6.327305 0
6.325593 0
6.324371 0
6.32161 1
6.320508 1
6.319672 0
6.316913 1
6.31521 0
6.314977 0
6.313465 0
6.307762 1
6.307408 0
6.306709 1
6.304811 0
6.301508 0
6.299741 0
6.29925 0
6.299208 0
6.297015 1
6.296398 0
6.293272 0
6.288528 1
6.286757 0
6.286327 0
6.284114 0
6.283911 0
6.28281 0
6.281446 0
6.279767 1
6.279661 0
6.278954 0
6.278564 0
6.275661 0
6.269014 0
6.268099 0
6.268075 0
6.267327 0
6.267259 0
6.266569 0
6.264489 0
6.263077 0
6.254648 0
6.25045 0
6.250297 1
6.250214 0
6.248726 0
6.241536 0
6.240318 0
6.2396 0
6.239011 0
6.23426 0
6.233531 0
6.230454 1
6.229826 0
6.224986 0
6.22496 0
6.22053 0
6.219168 1
6.21573 0
6.210548 1
6.209661 0
6.209226 1
6.208395 0
6.20821 0
6.20772 0
6.207156 0
6.207035 0
6.205512 1
6.204326 0
6.202921 0
6.201203 1
6.200789 0
6.199968 0
6.199059 0
6.198936 0
6.198475 0
6.195465 1
6.192768 0
6.192095 0
6.187585 0
6.18676 1
6.185372 0
6.184103 0
6.180986 0
6.180451 0
6.179627 0
6.178521 0
6.177152 0
6.17613 0
6.173686 0
6.17353 1
6.173357 0
6.163142 0
6.161232 1
6.160146 0
6.159974 0
6.156773 0
6.152589 0
6.151095 1
6.147758 0
6.147552 0
6.145607 0
6.145463 0
6.145065 0
6.144496 0
6.143357 0
6.138333 0
6.137096 0
6.134203 0
6.132161 0
6.129878 0
6.128048 0
6.127638 0
6.125977 0
6.124914 0
6.123958 0
6.123247 0
6.122836 0
6.122796 0
6.119757 0
6.118827 0
6.117686 0
6.117183 0
6.116872 0
6.1092 0
6.106312 0
6.105938 0
6.105414 1
6.1049 0
6.104836 0
6.101823 1
6.10164 0
6.10041 0
6.098181 0
6.097918 0
6.097299 1
6.096945 1
6.096189 1
6.095903 1
6.092552 0
6.091368 0
6.090322 0
6.08919 0
6.086715 0
6.084946 0
6.084031 0
6.081279 0
6.075037 0
6.071519 0
6.071331 0
6.070422 0
6.070264 0
6.068879 0
6.068679 0
6.067586 0
6.06629 0
6.066232 0
6.064495 0
6.062034 0
6.05906 0
6.058739 0
6.058615 0
6.052266 0
6.051931 0
6.051776 1
6.05068 0
6.048479 0
6.048292 1
6.047686 0
6.045655 1
6.044926 0
6.044833 0
6.044538 0
6.04237 0
6.040091 0
6.039821 0
6.039628 0
6.038985 0
6.036039 0
6.035622 0
6.035592 0
6.035044 0
6.034347 0
6.03381 0
6.03356 0
6.032464 0
6.032187 0
6.031919 0
6.029764 0
6.028091 0
6.027475 1
6.02586 0
6.024724 0
6.022438 0
6.021625 0
6.0196 0
6.016822 0
6.016543 0
6.015323 0
6.011915 0
6.011019 0
6.007987 0
6.006318 0
6.002839 0
6.001607 0
6.001379 0
6.00061 0
5.998539 1
5.996081 0
5.993518 0
5.991199 1
5.990757 0
5.989646 0
5.98649 0
5.983727 0
5.981268 0
5.978889 0
5.977714 0
5.977662 0
5.974292 0
5.973907 0
5.973794 0
5.973713 0
5.973628 0
5.971867 1
5.970642 1
5.967154 0
5.966362 0
5.965759 0
5.9653 0
5.964497 0
5.964221 0
5.964146 0
5.963906 0
5.963058 0
5.96163 0
5.960042 0
5.958397 0
5.956439 0
5.954177 0
5.950871 0
5.948733 1
5.947784 0
5.944643 0
5.943775 0
5.943674 0
5.942997 1
5.942996 0
5.94239 0
5.940722 0
5.940435 0
5.939139 0
5.935561 0
5.935434 0
5.935052 0
5.934921 0
5.933321 0
5.932599 0
5.931998 0
5.931465 0
5.931223 0
5.928006 0
5.927978 0
5.92343 0
5.922286 0
5.922272 0
5.921702 0
5.921464 0
5.921075 0
5.920469 0
5.920004 0
5.917108 0
5.91675 0
5.916346 1
5.915103 0
5.914927 0
5.91467 0
5.914617 0
5.911079 0
5.91085 0
5.90747 0
5.906958 0
5.905698 0
5.902755 0
5.902291 0
5.902069 0
5.901284 0
5.900435 0
5.900366 0
5.899571 0
5.896508 1
5.89439 0
5.894338 0
5.893823 0
5.891112 1
5.890282 1
5.886926 0
5.885012 0
5.884848 1
5.884509 0
5.884064 0
5.882233 0
5.882165 0
5.879725 0
5.8787 0
5.875954 0
5.875862 0
5.872961 0
5.872391 0
5.871277 0
5.87087 0
5.870418 1
5.869832 0
5.869112 0
5.867804 0
5.866947 0
5.866847 0
5.865814 0
5.864693 0
5.864666 0
5.860402 0
5.856862 0
5.855689 0
5.855241 0
5.854228 0
5.85263 0
5.852343 0
5.851736 0
5.8513 0
5.850647 0
5.849725 0
5.849298 0
5.846956 0
5.844529 0
5.844456 0
5.84187 0
5.840636 1
5.840026 0
5.83849 0
5.837819 0
5.837229 0
5.836877 0
5.836517 0
5.836379 0
5.835844 1
5.835802 0
5.828665 0
5.826385 0
5.826295 0
5.826273 0
5.826108 0
5.823534 0
5.822683 0
5.821499 0
5.820314 0
5.818777 0
5.816931 0
5.816782 0
5.816654 0
5.815939 0
5.815248 0
5.815238 0
5.815155 0
5.8133 0
5.812339 1
5.809864 0
5.809445 0
5.809179 0
5.809057 0
5.808925 0
5.808609 0
5.808523 0
5.807432 0
5.806418 0
5.805418 0
5.804307 0
5.802453 0
5.800559 0
5.798528 0
5.798371 0
5.798098 0
5.797624 0
5.797243 0
5.796964 0
5.793726 0
5.79336 0
5.793324 0
5.793016 1
5.793009 0
5.790771 0
5.790258 0
5.789486 0
5.788302 0
5.787825 0
5.786807 0
5.786169 0
5.785117 0
5.784905 0
5.78461 0
5.783329 0
5.782151 0
5.782052 0
5.78189 0
5.780764 0
5.780173 0
5.780099 0
5.779611 0
5.778955 0
5.776164 0
5.776119 0
5.775556 0
5.775188 0
5.77433 0
5.772862 0
5.772251 0
5.772089 0
5.770476 0
5.768727 0
5.768689 1
5.768576 0
5.76762 0
5.765586 0
5.762653 0
5.761398 0
5.760323 0
5.759932 0
5.759695 0
5.759258 0
5.757558 0
5.757285 0
5.756186 0
5.755525 0
5.755179 0
5.7524 0
5.751452 0
5.751154 0
5.751085 0
5.751001 1
5.750307 0
5.749916 0
5.749646 0
5.749406 0
5.748573 0
5.74573 0
5.744372 0
5.742046 0
5.739555 0
5.739472 0
5.738927 0
5.73851 0
5.738025 0
5.735909 0
5.735324 0
5.73525 1
5.734517 0
5.733161 0
5.733012 1
5.731578 0
5.731085 0
5.731055 0
5.72907 0
5.728155 0
5.724075 0
5.723627 0
5.722482 0
5.72194 0
5.721606 0
5.720218 0
5.7188 0
5.718271 1
5.71789 0
5.717749 0
5.716522 0
5.71627 0
5.715727 0
5.714571 0
5.714026 0
5.713798 0
5.712864 0
5.712625 0
5.711376 0
5.710642 0
5.708907 0
5.708905 0
5.707579 0
5.705845 0
5.70373 0
5.702205 0
5.699607 0
5.696796 0
5.69678 0
5.696317 0
5.694926 0
5.694416 0
5.694122 0
5.692924 0
5.692542 0
5.692388 0
5.692005 0
5.69085 0
5.689807 0
5.688239 0
5.687673 0
5.682813 0
5.681498 0
5.679536 0
5.679281 0
5.678493 0
5.677764 0
5.676867 0
5.676298 0
5.675619 0
5.675385 0
5.674287 0
5.673978 0
5.673669 0
5.67231 0
5.671755 0
5.670893 0
5.670382 0
5.669782 0
5.666717 0
5.666361 0
5.664785 0
5.664671 0
5.663064 0
5.662975 0
5.662539 0
5.662255 0
5.661692 1
5.660625 0
5.660565 0
5.658596 0
5.657388 0
5.657384 0
5.656651 1
5.656607 0
5.656325 0
5.656077 0
5.655305 0
5.65463 0
5.654078 0
5.652372 0
5.652319 0
5.651055 0
5.648863 0
5.64403 0
5.643927 0
5.643579 0
5.640779 0
5.640746 0
5.639753 0
5.639654 0
5.637022 0
5.636221 0
5.636118 0
5.635067 0
5.633946 0
5.633845 0
5.633832 0
5.633375 0
5.632172 0
5.63208 0
5.631892 0
5.631659 0
5.630617 0
5.629347 0
5.629105 0
5.629025 0
5.627775 0
5.627639 0
5.627403 0
5.624959 0
5.623343 0
5.623289 0
5.622471 0
5.621584 0
5.619315 0
5.618638 0
5.618624 0
5.61798 0
5.616748 0
5.615669 0
5.615451 0
5.613993 0
5.612924 0
5.612588 0
5.612113 0
5.611026 0
5.609181 0
5.608986 0
5.608942 0
5.607989 0
5.607559 0
5.607342 0
5.607323 0
5.605056 0
5.604889 0
5.604052 0
5.603983 0
5.602935 0
5.602426 0
5.602377 0
5.597084 0
5.597048 0
5.59656 0
5.596343 0
5.595255 0
5.595028 0
5.594562 0
5.594114 0
5.593186 0
5.592803 0
5.592334 0
5.591763 0
5.591555 0
5.58987 0
5.588401 0
5.587917 0
5.587905 0
5.587368 1
5.586921 0
5.586545 0
5.583567 0
5.582575 0
5.582429 0
5.581062 0
5.581021 0
5.580762 0
5.580699 0
5.579327 0
5.578559 0
5.578331 0
5.578103 0
5.575941 0
5.574853 0
5.574087 0
5.569249 0
5.569121 0
5.569083 0
5.568534 0
5.567246 0
5.567091 0
5.565579 0
5.565435 0
5.565273 1
5.564984 0
5.562303 1
5.56075 1
5.559214 0
5.559183 0
5.559176 0
5.558109 0
5.557953 0
5.557905 1
5.557212 0
5.555689 0
5.555564 0
5.553455 0
5.551778 0
5.551005 0
5.550692 0
5.550432 0
5.549807 0
5.549507 0
5.548936 0
5.548791 0
5.548052 0
5.54671 1
5.546615 0
5.546436 0
5.541885 0
5.541682 0
5.539032 0
5.537984 0
5.537652 0
5.536768 0
5.536074 0
5.535416 0
5.535366 0
5.534774 0
5.533518 0
5.533296 0
5.532647 0
5.532592 1
5.532288 0
5.529757 0
5.529611 0
5.529172 0
5.528889 0
5.528686 0
5.528394 1
5.526244 0
5.525409 0
5.525395 0
5.523239 1
5.522779 0
5.522699 0
5.521836 0
5.521687 0
5.52164 0
5.52159 0
5.517887 0
5.515749 0
5.515423 0
5.514918 0
5.514784 0
5.514042 0
5.513617 0
5.513529 0
5.513262 0
5.511797 0
5.511487 0
5.511158 0
5.510581 1
5.510534 0
5.506402 0
5.505754 0
5.500997 0
5.500861 0
5.500782 0
5.500599 0
5.499899 0
5.49916 0
5.498215 0
5.498176 0
5.496451 0
5.496264 0
5.49594 0
5.495219 0
5.494534 0
5.494086 0
5.494069 0
5.49327 0
5.492795 0
5.492452 0
5.492345 0
5.49058 0
5.489717 0
5.489656 0
5.488894 0
5.488721 0
5.488508 0
5.488072 1
5.48667 0
5.485854 0
5.485545 0
5.485424 0
5.484281 0
5.484265 0
5.484165 0
5.483766 0
5.482243 0
5.479398 0
5.478694 0
5.477115 0
5.476898 0
5.476534 0
5.476084 0
5.474776 0
5.471821 0
5.471002 0
5.470304 0
5.470258 0
5.469402 0
5.469181 0
5.469021 0
5.468834 0
5.467423 0
5.467206 0
5.46654 0
5.466286 0
5.466204 0
5.465616 0
5.463101 0
5.462904 0
5.462583 0
5.46191 0
5.461696 0
5.461191 0
5.460835 0
5.460421 0
5.460288 0
5.459191 0
5.4566 0
5.456231 0
5.455819 0
5.454764 0
5.45448 0
5.454071 0
5.453785 0
5.453691 0
5.453489 0
5.452763 1
5.448568 0
5.448073 0
5.447916 0
5.447375 0
5.447293 0
5.446423 0
5.445365 0
5.441515 0
5.441222 0
5.440826 0
5.440649 0
5.440517 0
5.439817 0
5.438943 0
5.438869 0
5.43814 0
5.43805 0
5.437229 0
5.436896 0
5.434412 0
5.434364 0
5.433035 0
5.432839 0
5.432467 0
5.430482 0
5.429432 0
5.429209 0
5.428521 0
5.426592 0
5.426459 0
5.425587 0
5.425294 0
5.424597 0
5.42397 0
5.423138 0
5.422058 0
5.422022 0
5.421767 1
5.421705 0
5.421635 0
5.419243 0
5.418793 0
5.417653 0
5.416649 0
5.416145 1
5.414788 0
5.414341 0
5.41377 0
5.413154 0
5.413014 0
5.411521 0
5.411066 0
5.409348 0
5.409261 0
5.408603 0
5.408508 0
5.407996 0
5.407902 0
5.407098 0
5.406071 0
5.405724 0
5.405375 0
5.404671 0
5.404466 0
5.404343 0
5.403845 0
5.403278 0
5.402659 0
5.402628 0
5.402556 0
5.399643 0
5.399615 0
5.399458 0
5.399025 0
5.398355 0
5.39803 0
5.397816 0
5.39687 0
5.396853 0
5.395498 0
5.395328 0
5.39416 0
5.392957 0
5.390425 1
5.389798 0
5.38933 0
5.389075 0
5.388152 0
5.387793 0
5.387562 0
5.38705 0
5.385964 0
5.385846 0
5.385246 0
5.38433 1
5.382877 0
5.382351 0
5.381625 0
5.381183 0
5.380777 0
5.380511 0
5.379673 0
5.379449 0
5.378611 0
5.378264 0
5.377438 0
5.377032 0
5.376449 0
5.374169 0
5.374075 0
5.373767 0
5.373654 0
5.372952 0
5.372902 0
5.372845 0
5.371399 0
5.371065 0
5.369238 0
5.36909 0
5.368861 0
5.36854 0
5.368452 0
5.36842 0
5.367764 0
5.367486 0
5.36676 0
5.366576 0
5.366558 0
5.365808 0
5.3658 0
5.36536 0
5.364855 0
5.36481 0
5.364439 0
5.36411 0
5.362893 0
5.362106 0
5.360312 0
5.35955 0
5.359209 0
5.359159 0
5.358422 0
5.358212 0
5.357613 0
5.356704 0
5.356015 0
5.355931 0
5.355712 0
5.35499 0
5.354678 0
5.353882 0
5.353732 0
5.353449 0
5.352549 0
5.35254 0
5.351171 0
5.350432 0
5.348215 0
5.348082 0
5.347805 0
5.347758 0
5.347118 0
5.346559 0
5.346329 0
5.345531 0
5.345223 0
5.3451 0
5.344608 0
5.344078 0
5.344046 0
5.343474 0
5.343081 0
5.341393 1
5.340985 0
5.33968 0
5.338912 0
5.33823 0
5.338145 0
5.33726 0
5.336888 0
5.336859 0
5.335448 0
5.335139 0
5.334981 0
5.334959 1
5.333317 0
5.333271 0
5.333178 0
5.332877 0
5.332616 0
5.332309 0
5.331378 0
5.330822 0
5.330536 0
5.329951 0
5.329932 0
5.328296 0
5.328081 0
5.327558 0
5.327025 0
5.326947 0
5.326334 0
5.325031 0
5.324496 0
5.323772 0
5.322739 0
5.322214 0
5.32208 0
5.321673 0
5.321399 0
5.321203 0
5.320615 0
5.320378 0
5.31978 0
5.318739 0
5.316488 0
5.316268 0
5.315786 0
5.315549 0
5.315018 0
5.31487 0
5.314838 0
5.314682 0
5.314538 0
5.313283 0
5.312238 0
5.312169 0
5.311688 0
5.311494 0
5.311316 0
5.31101 0
5.310858 0
5.310704 0
5.310478 0
5.310106 0
5.309885 0
5.309873 0
5.309328 0
5.309247 0
5.309099 0
5.308934 0
5.30889 0
5.3088 0
5.308538 0
5.30728 0
5.307211 0
5.307198 0
5.306608 0
5.306304 0
5.306211 0
5.305775 0
5.305671 0
5.305031 0
5.304696 0
5.304254 0
5.30415 0
5.30408 0
5.304041 0
5.303885 0
5.303452 0
5.303384 0
5.303325 0
5.302774 0
5.301671 0
5.300997 0
5.300754 0
5.299569 0
5.299134 0
5.298657 0
5.298339 0
5.298234 0
5.297928 0
5.29737 0
5.29674 0
5.296703 1
5.296678 0
5.296671 0
5.296136 0
5.295895 0
5.295591 0
5.293881 0
5.293617 0
5.291842 0
5.290404 0
5.29014 0
5.290029 0
5.288898 0
5.288218 0
5.288049 0
5.287762 0
5.286965 0
5.286538 0
5.286495 0
5.285828 0
5.285174 0
5.284963 0
5.284589 0
5.284103 0
5.282774 0
5.282752 0
5.281371 0
5.281005 0
5.280941 0
5.280126 0
5.279723 0
5.278614 0
5.278239 0
5.278074 0
5.277992 0
5.277036 0
5.276799 0
5.275733 0
5.275595 0
5.275484 0
5.275187 0
5.275171 0
5.275075 0
5.274937 0
5.274607 0
5.273961 0
5.272877 0
5.272465 0
5.272395 0
5.271921 0
5.271553 0
5.27025 0
5.26987 0
5.269517 0
5.269212 0
5.268794 0
5.268723 0
5.268578 0
5.26856 0
5.268539 0
5.26825 0
5.26794 0
5.267869 0
5.267525 0
5.266767 0
5.265932 0
5.26585 0
5.265799 0
5.265659 0
5.265125 0
5.265007 0
5.264988 0
5.264727 0
5.264311 0
5.26357 0
5.263523 0
5.262852 0
5.26283 0
5.261899 0
5.261485 0
5.261185 0
5.261134 0
5.259976 0
5.2597 0
5.259182 0
5.259104 0
5.259078 0
5.258742 0
5.258708 0
5.258687 0
5.258336 0
5.258134 0
5.257732 0
5.257666 0
5.257624 0
5.256881 0
5.256241 0
5.255614 0
5.255612 0
5.255052 0
5.254654 0
5.254508 0
5.253886 0
5.253762 0
5.253738 0
5.253467 0
5.252903 0
5.252732 0
5.2526 0
5.252316 0
5.251724 0
5.251668 0
5.250937 0
5.250897 0
5.250778 0
5.250674 0
5.250453 0
5.250298 0
5.250032 0
5.249894 0
5.249138 0
5.249013 0
5.249011 0
5.248621 0
5.24862 0
5.248541 0
5.248505 0
5.247625 0
5.247211 0
5.247035 0
5.246375 0
5.246204 0
5.245506 0
5.24516 0
5.245128 1
5.24431 0
5.244101 0
5.243172 0
5.242388 0
5.241265 0
5.240766 0
5.240636 0
5.240553 0
5.240503 0
5.240223 0
5.240203 0
5.240096 0
5.23995 0
5.239931 0
5.239831 0
5.239742 0
5.239141 0
5.239067 0
5.239045 0
5.238645 0
5.23815 0
5.238105 0
5.238023 0
5.237829 0
5.237747 0
5.237178 0
5.237034 0
5.236982 0
5.23695 0
5.23677 0
5.236761 0
5.236683 0
5.236418 0
5.236143 0
5.235782 0
5.235716 0
5.235322 0
5.234737 0
5.234681 0
5.234657 0
5.234631 0
5.233239 0
5.233117 0
5.233053 0
5.232861 0
5.232837 0
5.232327 0
5.231366 0
5.231295 0
5.230728 0
5.230465 0
5.230247 0
5.230202 0
5.230195 0
5.230163 1
5.228952 0
5.228753 0
5.228654 0
5.228558 0
5.227634 0
5.227467 0
5.22723 0
5.227152 0
5.227059 0
5.226939 0
5.226707 0
5.226561 0
5.226336 0
5.226195 0
5.226174 0
5.225769 0
5.225311 0
5.225151 0
5.224566 0
5.224563 0
5.224476 0
5.224097 0
5.224038 0
5.223418 0
5.222698 0
5.222137 0
5.221568 0
5.221533 0
5.221456 0
5.22125 0
5.221245 0
5.221088 0
5.220425 0
5.220214 0
5.22018 0
5.220078 0
5.219527 0
5.219483 0
5.219479 1
5.219417 0
5.219341 0
5.219174 0
5.218914 0
5.218345 0
5.218013 0
5.217543 0
5.217497 0
5.21716 0
5.217066 0
5.21687 0
5.216077 0
5.215913 0
5.21535 0
5.215034 0
5.214781 0
5.214186 0
5.213994 0
5.213577 0
5.21342 0
5.213416 0
5.212984 0
5.212476 0
5.211434 0
5.210901 0
5.210151 0
5.209651 0
5.20887 0
5.208826 0
5.208508 0
5.208446 0
5.207657 0
5.207653 0
5.206015 0
5.205678 0
5.205605 0
5.205597 0
5.205495 0
5.205299 0
5.205205 0
5.205101 0
5.205054 0
5.205025 0
5.204963 0
5.204608 0
5.203736 0
5.203586 0
5.203409 0
5.203247 0
5.203227 0
5.203195 0
5.202594 0
5.202524 0
5.202453 0
5.202219 0
5.201894 0
5.201844 0
5.201787 0
5.201735 0
5.201186 0
5.200496 0
5.200117 0
5.200115 0
5.200045 0
5.199646 0
5.199242 0
5.199119 0
5.198973 0
5.198896 0
5.198592 0
5.198415 0
5.198376 0
5.198342 0
5.198061 0
5.198029 0
5.197985 0
5.197853 0
5.197608 0
5.197566 0
5.197499 0
5.197017 0
5.196817 0
5.19651 0
5.196462 0
5.196064 0
5.195812 0
5.195776 0
5.195712 0
5.195343 0
5.194924 0
5.194594 0
5.194522 0
5.194149 0
5.193842 0
5.193763 0
5.193407 0
5.193341 0
5.19318 0
5.193152 0
5.19304 0
5.192842 0
5.192825 0
5.192811 0
5.19258 0
5.192299 0
5.191445 0
5.190741 0
5.190432 0
5.190372 0
5.189606 0
5.189459 0
5.189008 0
5.188822 0
5.188733 0
5.188715 0
5.187577 0
5.187558 0
5.187519 0
5.187434 0
5.187383 0
5.187321 0
5.187188 0
5.186809 0
5.186244 0
5.186193 0
5.18611 0
5.185836 0
5.185685 0
5.185622 0
5.185403 0
5.185329 0
5.185149 0
5.185138 0
5.185036 0
5.184917 0
5.184476 0
5.184259 0
5.183885 0
5.183206 0
5.182748 0
5.182384 0
5.182072 0
5.182025 0
5.181954 0
5.181382 0
5.18138 0
5.181236 0
5.180974 0
5.180934 0
5.180711 0
5.180528 0
5.180334 0
5.180261 0
5.180164 0
5.179842 0
5.179524 0
5.179189 0
5.178789 0
5.178524 0
5.178364 0
5.178333 0
5.178027 0
5.177996 0
5.177918 0
5.177749 0
5.177259 0
5.177082 0
5.17698 0
5.176799 0
5.176756 0
5.176583 0
5.176427 0
5.176173 0
5.176155 0
5.176005 0
5.175868 0
5.175853 0
5.175508 0
5.17519 0
5.17517 0
5.17515 0
5.174927 0
5.17469 0
5.174511 0
5.173826 0
5.173178 0
5.172669 0
5.172623 0
5.172076 0
5.171988 0
5.17194 0
5.171755 0
5.171732 0
5.170811 0
5.170613 0
5.170285 0
5.170122 0
5.16986 0
5.169783 0
5.169681 0
5.169425 0
5.169358 0
5.169325 0
5.169225 0
5.169185 0
5.168761 0
5.168106 0
5.168093 0
5.167949 0
5.167584 0
5.166976 0
5.166876 0
5.166329 0
5.166105 0
5.166046 0
5.164786 0
5.164761 0
5.164669 0
5.164652 0
5.164571 0
5.164355 0
5.164314 0
5.164141 0
5.163681 0
5.163315 0
5.163311 0
5.163279 0
5.162918 0
5.16193 0
5.161384 0
5.161229 0
5.1605 0
5.160193 0
5.15958 0
5.159322 0
5.15919 0
5.15825 0
5.158181 0
5.15812 0
5.157988 0
5.157345 0
5.157242 0
5.157164 0
5.157163 0
5.156415 0
5.156082 0
5.156013 0
5.155963 0
5.155884 0
5.15583 0
5.155395 0
5.155295 0
5.155243 0
5.155239 0
5.155235 0
5.154902 0
5.154332 0
5.154284 0
5.154256 0
5.154139 0
5.154034 0
5.153901 0
5.153833 0
5.15364 0
5.153514 0
5.153445 0
5.153233 0
5.153138 0
5.152637 0
5.152482 0
5.152349 0
5.152143 0
5.151862 0
5.151508 0
5.151306 0
5.151101 0
5.150414 0
5.150239 0
5.150175 0
5.149751 0
5.149417 0
5.149372 0
5.149339 0
5.149164 0
5.149067 0
5.148846 0
5.148698 0
5.148499 0
5.148224 0
5.148191 0
5.148005 0
5.147566 0
5.147045 0
5.146523 0
5.146445 0
5.146332 0
5.146095 0
5.145213 0
5.145202 0
5.145081 0
5.144948 0
5.144931 0
5.144927 0
5.144808 0
5.144798 0
5.144678 0
5.144599 0
5.144338 0
5.144314 0
5.144074 0
5.144032 0
5.14393 0
5.143854 0
5.143318 0
5.143124 0
5.143023 0
5.142965 0
5.142741 0
5.142558 0
5.142467 0
5.142377 0
5.142275 0
5.142094 0
5.14208 0
5.141903 0
5.141549 0
5.14106 0
5.140523 0
5.140357 0
5.140183 0
5.139889 0
5.139667 0
5.139627 0
5.139603 0
5.139322 0
5.139023 0
5.138927 0
5.13879 0
5.138517 0
5.137965 0
5.137826 0
5.137585 0
5.137533 0
5.137007 0
5.137001 0
5.136925 0
5.13688 0
5.135469 0
5.135331 0
5.135257 0
5.135243 0
5.134867 0
5.134742 0
5.13473 0
5.134444 0
5.134417 0
5.134277 0
5.134235 0
5.134076 0
5.133897 0
5.133687 0
5.133418 0
5.132989 0
5.132313 0
5.132196 0
5.132053 0
5.131947 0
5.131791 0
5.131752 0
5.131504 0
5.130911 0
5.130877 0
5.13066 0
5.130551 0
5.130439 0
5.130276 0
5.13027 0
5.129935 0
5.129773 0
5.12975 0
5.129428 0
5.129403 0
5.128897 0
5.128799 0
5.12879 0
5.128615 0
5.128614 0
5.128404 0
5.127324 0
5.127046 0
5.127016 0
5.1269 0
5.126569 0
5.126524 0
5.126468 0
5.12589 0
5.125883 0
5.125661 0
5.125509 0
5.125442 0
5.125158 0
5.124982 0
5.124963 0
5.124777 0
5.124588 0
5.124582 0
5.124532 0
5.124446 0
5.124379 0
5.124073 0
5.123983 0
5.12394 0
5.123914 0
5.123884 0
5.123869 0
5.123684 0
5.123033 0
5.122876 0
5.122685 0
5.122594 0
5.122546 0
5.122491 0
5.12229 0
5.122064 0
5.121858 0
5.12185 0
5.121762 0
5.121438 0
5.121329 0
5.121225 0
5.120117 0
5.12002 0
5.119953 0
5.119787 0
5.119728 0
5.119625 0
5.119608 0
5.119548 0
5.119505 0
5.11944 0
5.119193 0
5.118907 0
5.118865 0
5.118724 0
5.118655 0
5.118526 0
5.118454 0
5.118356 0
5.118152 0
5.118114 0
5.11789 0
5.117499 0
5.117373 0
5.116942 0
5.116902 0
5.116813 0
5.11646 0
5.11642 0
5.116354 0
5.115972 0
5.115889 0
5.11587 0
5.115367 0
5.11532 0
5.115299 0
5.115013 0
5.114916 0
5.114836 0
5.114712 0
5.114674 0
5.114547 0
5.114542 0
5.11451 0
5.114443 0
5.11426 0
5.114061 0
5.114043 0
5.11403 0
5.113708 0
5.113544 0
5.113535 0
5.11345 0
5.113359 0
5.113277 0
5.113233 0
5.113164 0
5.113124 0
5.113041 0
5.112994 0
5.112978 0
5.112733 0
5.112729 0
5.112722 0
5.112539 0
5.112484 0
5.112443 0
5.112414 0
5.112388 0
5.112123 0
5.11202 0
5.111749 0
5.111374 0
5.11133 0
5.111229 0
5.110913 0
5.110805 0
5.110512 0
5.110318 0
5.110139 0
5.109484 0
5.109405 0
5.109323 0
5.109214 0
5.109177 0
5.109007 0
5.108935 0
5.108738 0
5.108729 0
5.108707 0
5.108594 0
5.108526 0
5.108419 0
5.10834 0
5.10824 0
5.108183 0
5.108102 0
5.107983 0
5.107982 0
5.107953 0
5.107835 0
5.107789 0
5.107557 0
5.107455 0
5.107393 0
5.107297 0
5.107272 0
5.107211 0
5.107153 0
5.107018 0
5.106836 0
5.106809 0
5.106705 0
5.106544 0
5.106383 0
5.106104 0
5.10588 0
5.105338 0
5.10523 0
5.105141 0
5.105092 0
5.105018 0
5.104737 0
5.104718 0
5.104538 0
5.104426 0
5.104349 0
5.104226 0
5.10416 0
5.103538 0
5.10353 0
5.10335 0
5.103276 0
5.103156 0
5.103102 0
5.102859 0
5.102704 0
5.102695 0
5.102579 0
5.101907 0
5.101684 0
5.101659 0
5.101635 0
5.101515 0
5.101455 0
5.10133 0
5.101304 0
5.101175 0
5.101153 0
5.10103 0
5.100976 0
5.10075 0
5.100709 0
5.100649 0
5.100513 0
5.100328 0
5.100246 0
5.100079 0
5.099929 0
5.099926 0
5.099854 0
5.09963 0
5.099565 0
5.099265 0
5.099183 0
5.099105 0
5.099076 0
5.098631 0
5.098591 0
5.098563 0
5.098407 0
5.098179 0
5.098086 0
5.098038 0
5.097875 0
5.097798 0
5.097689 0
5.097244 0
5.0972 0
5.097198 0
5.097064 0
5.096982 0
5.096796 0
5.09674 0
5.096734 1
5.096687 0
5.09665 0
5.096643 0
5.096261 0
5.095995 0
5.095921 0
5.095884 0
5.095561 0
5.095437 0
5.095363 0
5.095363 0
5.09527 0
5.094903 0
5.094593 0
5.094534 0
5.094342 0
5.09432 0
5.09423 0
5.094024 0
5.093987 0
5.093918 0
5.093802 0
5.09367 0
5.09364 0
5.093287 0
5.093174 0
5.092941 0
5.092768 0
5.092591 0
5.092587 0
5.092304 0
5.092233 0
5.092212 0
5.092204 0
5.092178 0
5.092149 0
5.091887 0
5.091828 0
5.091404 0
5.09126 0
5.090991 0
5.090989 0
5.090942 0
5.090905 0
5.090824 0
5.090802 0
5.090765 1
5.09072 0
5.090687 0
5.090605 0
5.090577 0
5.090492 0
5.090392 0
5.090333 0
5.090141 0
5.090076 0
5.090023 0
5.08992 0
5.089612 0
5.089515 0
5.089488 0
5.089283 0
5.089168 0
5.089141 0
5.088943 0
5.088881 0
5.088791 0
5.088658 0
5.088611 0
5.088289 0
5.088287 0
5.087984 0
5.087966 0
5.087959 0
5.087948 0
5.087894 0
5.087617 0
5.087605 0
5.087448 0
5.087286 0
5.087064 0
5.08702 0
5.086953 0
5.086696 0
5.086572 0
5.086557 0
5.086546 0
5.086408 0
5.08636 0
5.086352 0
5.086255 0
5.086245 0
5.085792 0
5.085717 0
5.085586 0
5.085244 0
5.085047 0
5.084823 0
5.08448 0
5.084467 0
5.084255 0
5.084209 0
5.083994 0
5.083899 0
5.083805 0
5.083725 0
5.083663 0
5.083661 0
5.083561 0
5.083054 0
5.082968 0
5.082699 0
5.082309 0
5.082155 0
5.081906 0
5.081845 0
5.081706 0
5.081598 0
5.081394 0
5.080923 0
5.080881 0
5.080823 0
5.080788 0
5.080788 0
5.080713 0
5.080661 0
5.080251 0
5.079824 0
5.079782 0
5.079756 0
5.079602 0
5.079395 0
5.079386 0
5.079359 0
5.079269 0
5.079266 0
5.079218 0
5.079071 0
5.078915 0
5.078783 0
5.07875 0
5.07847 0
5.078182 0
5.078103 0
5.078001 0
5.077903 0
5.077775 0
5.077775 0
5.077633 0
5.077602 0
5.077405 0
5.077283 0
5.077072 0
5.076777 0
5.076745 0
5.076719 0
5.076662 0
5.076621 0
5.076591 0
5.076388 0
5.076383 0
5.076305 0
5.076226 0
5.076157 0
5.075986 0
5.075943 0
5.075816 0
5.075463 0
5.075424 0
5.075378 0
5.075279 0
5.075092 0
5.074978 0
5.074924 0
5.074791 1
5.074767 0
5.074683 0
5.07468 0
5.074525 0
5.074291 0
5.074244 0
5.074162 0
5.073926 0
5.0739 0
5.073818 0
5.073794 0
5.073759 0
5.073758 0
5.073736 0
5.073713 0
5.073675 0
5.073659 0
5.073484 0
5.07334 0
5.073339 0
5.07321 0
5.073049 0
5.072892 0
5.072847 0
5.072713 0
5.072281 0
5.072248 0
5.072233 0
5.072143 0
5.072021 0
5.071986 0
5.071969 0
5.071959 0
5.07172 0
5.07163 0
5.071542 0
5.070751 0
5.070724 0
5.070707 0
5.070416 0
5.070193 0
5.07016 0
5.070127 0
5.069908 0
5.06987 0
5.069805 0
5.069617 0
5.069526 0
5.069476 0
5.069191 0
5.06919 0
5.068964 0
5.068941 0
5.06889 0
5.068639 0
5.068472 0
5.068426 0
5.06832 0
5.068301 0
5.068227 0
5.068162 0
5.068048 0
5.067853 0
5.067618 0
5.067599 0
5.067491 0
5.067445 0
5.067394 0
5.067366 0
5.067306 0
5.067294 0
5.067234 0
5.067087 0
5.067001 0
5.066898 0
5.066783 0
5.066774 0
5.066754 0
5.066578 0
5.066511 0
5.066418 0
5.066396 0
5.066268 0
5.066189 0
5.066158 0
5.066108 0
5.066106 0
5.066006 0
5.065989 0
5.065948 0
5.065878 0
5.065828 0
5.065418 0
5.065388 0
5.065266 0
5.065092 0
5.064933 0
5.064741 0
5.06469 0
5.064667 0
5.064426 0
5.064394 0
5.064085 0
5.064031 0
5.064019 0
5.063993 0
5.063931 0
5.063766 0
5.06363 0
5.063522 0
5.063384 0
5.063316 0
5.063221 0
5.063157 0
5.06313 0
5.062981 0
5.062954 0
5.062805 0
5.062788 0
5.062664 0
5.062347 0
5.0623 0
5.062297 0
5.062267 0
5.062232 0
5.062224 0
5.062191 0
5.061985 0
5.061908 0
5.061854 0
5.061685 0
5.06164 0
5.061602 0
5.061444 0
5.061433 0
5.061375 0
5.061368 0
5.061331 0
5.06122 0
5.061153 0
5.061137 0
5.060858 0
5.060781 0
5.060777 0
5.06075 0
5.060684 0
5.060675 0
5.060664 0
5.060641 0
5.060474 0
5.060451 0
5.060336 0
5.060276 0
5.06018 0
5.060138 0
5.060009 0
5.059888 0
5.059875 0
5.059832 0
5.059771 0
5.059694 0
5.059586 0
5.05945 0
5.059106 0
5.059103 0
5.059086 0
5.05895 0
5.058938 0
5.058893 0
5.058858 0
5.058761 0
5.058752 0
5.058714 0
5.058629 0
5.058583 0
5.058426 0
5.05842 0
5.058338 0
5.058287 0
5.058149 0
5.058035 0
5.057948 0
5.057924 0
5.057844 0
5.057782 0
5.057637 0
5.057566 0
5.057551 0
5.057539 0
5.057233 0
5.057221 0
5.057183 0
5.057173 0
5.057071 0
5.057 0
5.05697 0
5.056771 0
5.056629 0
5.05655 0
5.056408 0
5.056327 0
5.056002 0
5.055922 1
5.055726 0
5.055609 0
5.055576 0
5.055369 0
5.055367 0
5.055366 0
5.055294 0
5.055 0
5.054945 0
5.054653 0
5.054396 0
5.054296 0
5.054283 0
5.054081 0
5.053997 0
5.053913 0
5.053887 0
5.053738 0
5.053709 0
5.053615 0
5.053547 0
5.053355 0
5.053344 0
5.053217 0
5.053216 0
5.053186 0
5.053114 0
5.053103 0
5.05305 0
5.052866 0
5.05276 0
5.052734 0
5.052715 0
5.052691 0
5.052658 0
5.052611 0
5.052508 0
5.052372 0
5.052335 0
5.052293 0
5.052227 0
5.052162 0
5.05204 0
5.051991 0
5.05195 0
5.051909 0
5.051833 0
5.051692 0
5.051454 0
5.051391 0
5.051353 0
5.051064 0
5.050901 0
5.050883 0
5.050844 0
5.05083 0
5.05077 0
5.050753 0
5.050656 0
5.050591 0
5.050446 0
5.050413 0
5.050395 0
5.050359 0
5.050292 0
5.050284 0
5.050114 0
5.049834 0
5.049798 0
5.049796 0
5.049786 0
5.049769 0
5.049733 0
5.049697 0
5.04956 0
5.049524 0
5.049522 0
5.049507 0
5.049327 0
5.049248 0
5.048943 0
5.048843 0
5.048811 0
5.048639 0
5.048561 0
5.048441 0
5.048419 0
5.048279 0
5.048084 0
5.048022 0
5.047955 0
5.047921 0
5.047857 0
5.047856 0
5.047849 0
5.047777 0
5.047772 0
5.047728 0
5.04764 0
5.047454 0
5.047424 0
5.047328 0
5.04725 0
5.047221 0
5.047156 0
5.047142 0
5.047077 0
5.047003 0
5.04686 0
5.046701 0
5.046569 0
5.046471 0
5.046413 0
5.046223 0
5.046126 0
5.046109 0
5.046008 0
5.045912 0
5.045696 0
5.045662 0
5.045591 0
5.045542 0
5.045423 0
5.045398 0
5.045329 0
5.044913 0
5.044843 0
5.044798 0
5.044763 0
5.044618 0
5.044606 0
5.044497 0
5.044488 0
5.044481 0
5.044315 0
5.04428 0
5.044275 0
5.04425 0
5.044196 0
5.044139 0
5.044114 0
5.044093 0
5.043976 0
5.043967 0
5.043914 0
5.043868 0
5.043791 0
5.043761 0
5.043581 0
5.043474 0
5.043468 0
5.043368 0
5.043257 0
5.043236 0
5.043167 0
5.042954 0
5.042877 0
5.04287 0
5.042817 0
5.042747 0
5.042724 0
5.042669 0
5.042616 0
5.042585 0
5.042561 0
5.042521 0
5.04246 0
5.042144 0
5.042102 0
5.042079 0
5.041999 0
5.041936 0
5.041426 0
5.041342 0
5.041147 0
5.041147 0
5.041139 0
5.040956 0
5.040904 0
5.040897 0
5.04088 0
5.040842 0
5.040816 0
5.040781 0
5.040755 0
5.040713 0
5.040705 0
5.040651 0
5.040639 0
5.040635 0
5.040633 0
5.040627 0
5.040583 0
5.040548 0
5.040546 0
5.040444 0
5.040444 0
5.040427 0
5.040404 0
5.040251 0
5.040159 0
5.040023 0
5.039994 0
5.039981 0
5.039951 0
5.039938 0
5.039916 0
5.03991 0
5.039877 0
5.039843 0
5.039756 0
5.039743 0
5.039719 0
5.039629 0
5.039584 0
5.039574 0
5.039493 0
5.039415 0
5.039376 0
5.039374 0
5.039277 0
5.039182 0
5.039153 0
5.039094 0
5.039057 0
5.039051 0
5.038999 0
5.03884 0
5.038786 0
5.03874 0
5.038612 0
5.038505 0
5.038384 0
5.038364 0
5.038292 0
5.038247 0
5.038076 0
5.037974 0
5.037964 0
5.037961 0
5.03795 0
5.037879 0
5.037867 0
5.037844 0
5.037756 0
5.037691 0
5.037677 0
5.03759 0
5.037535 0
5.037499 0
5.037425 0
5.037056 0
5.037014 0
5.036912 0
5.036892 0
5.036872 0
5.03684 0
5.036811 0
5.036793 0
5.036769 0
5.036674 0
5.03662 0
5.036601 0
5.036548 0
5.036545 0
5.036428 0
5.036272 0
5.036202 0
5.036166 0
5.036131 0
5.036102 0
5.036061 0
5.035943 0
5.035841 0
5.035778 0
5.035716 0
5.03566 0
5.035616 0
5.035472 0
5.035382 0
5.035344 0
5.035256 0
5.035077 0
5.035042 0
5.035014 0
5.034996 0
5.03485 0
5.034795 0
5.034789 0
5.034612 0
5.034585 0
5.034544 0
5.034529 0
5.034459 0
5.034446 0
5.034371 0
5.034351 0
5.034299 0
5.034159 0
5.034149 0
5.034108 0
5.033967 0
5.033774 0
5.033728 0
5.033691 0
5.033637 0
5.033578 0
5.033564 0
5.033366 0
5.033321 0
5.03329 0
5.033264 0
5.033238 0
5.033113 0
5.033012 0
5.032982 0
5.032913 0
5.032911 0
5.032881 0
5.032855 0
5.032852 0
5.032841 0
5.032783 0
5.032684 0
5.032637 0
5.032627 0
5.032604 0
5.032552 0
5.032542 0
5.032537 0
5.032526 0
5.032495 0
5.032487 0
5.032476 0
5.032442 0
5.032406 0
5.032307 0
5.032284 0
5.032209 0
5.032166 0
5.032067 0
5.032007 0
5.031892 0
5.031892 0
5.031878 0
5.031777 0
5.031707 0
5.031645 0
5.031449 0
5.031207 0
5.031123 0
5.031101 0
5.030996 0
5.030971 0
5.03084 0
5.030655 0
5.030533 0
5.030448 0
5.03044 0
5.030391 0
5.030387 0
5.030289 0
5.030169 0
5.030167 0
5.030162 0
5.030161 0
5.030125 0
5.030066 0
5.030056 0
5.029999 0
5.029969 0
5.029913 0
5.029788 0
5.029752 0
5.029744 0
5.029616 0
5.029591 0
5.029511 0
5.029423 0
5.02939 0
5.029372 0
5.029283 0
5.029262 0
5.029168 0
5.029168 0
5.02903 0
5.028987 0
5.028986 0
5.028935 0
5.028839 0
5.028804 0
5.028746 0
5.028583 0
5.028565 0
5.028562 0
5.028502 0
5.028355 0
5.028091 0
5.027983 0
5.027937 0
5.027794 0
5.027688 0
5.027686 0
5.027661 0
5.027412 0
5.02737 0
5.027256 0
5.027245 0
5.027165 0
5.027164 0
5.027109 0
5.027062 0
5.026946 0
5.026885 0
5.026876 0
5.02681 0
5.026806 0
5.026716 0
5.026507 0
5.026453 0
5.026367 0
5.026353 0
5.026322 0
5.026228 0
5.02622 0
5.026216 0
5.026172 0
5.02612 0
5.026115 0
5.026088 0
5.026044 0
5.026001 0
5.02599 0
5.025963 0
5.025951 0
5.025917 0
5.025825 0
5.025797 0
5.025702 0
5.025639 0
5.025598 0
5.025502 0
5.025476 0
5.025448 0
5.025424 0
5.025363 0
5.025339 0
5.025322 0
5.025239 0
5.025237 0
5.02522 0
5.025163 0
5.025144 0
5.025079 0
5.025069 0
5.025014 0
5.024942 0
5.024848 0
5.024724 0
5.024644 0
5.024608 0
5.024529 0
5.024431 0
5.024346 0
5.024209 0
5.024194 0
5.024148 0
5.024112 0
5.024089 0
5.024064 0
5.024034 0
5.024017 0
5.024011 0
5.024004 0
5.023985 0
5.023915 0
5.023889 0
5.023777 0
5.023757 0
5.023706 0
5.023658 0
5.023576 0
5.023458 0
5.023381 0
5.023301 0
5.023252 0
5.023161 0
5.023083 0
5.023051 0
5.023015 0
5.02296 0
5.022934 0
5.022931 0
5.022868 0
5.022811 0
5.022802 0
5.022726 0
5.02267 0
5.022614 0
5.02248 0
5.022395 0
5.022291 0
5.022268 0
5.022263 0
5.022192 0
5.022174 0
5.022164 0
5.022141 0
5.022137 0
5.022132 0
5.022067 0
5.021873 0
5.021865 0
5.021852 0
5.021802 0
5.021779 0
5.021687 0
5.021643 0
5.02157 0
5.02147 0
5.021464 0
5.021397 0
5.021267 0
5.021255 0
5.021206 0
5.021194 0
5.021155 0
5.021121 0
5.021088 0
5.021071 0
5.021059 0
5.021053 0
5.020959 0
5.020958 0
5.020881 0
5.020832 0
5.02074 0
5.020715 0
5.020647 0
5.020641 0
5.020628 0
5.020541 0
5.020477 0
5.020458 0
5.02038 0
5.020344 0
5.02034 0
5.020267 0
5.020232 0
5.020196 0
5.020138 0
5.020102 0
5.020087 0
5.020065 0
5.019979 0
5.019959 0
5.019928 0
5.01985 0
5.019828 0
5.01976 0
5.019745 0
5.019724 0
5.01962 0
5.019439 0
5.019409 0
5.019382 0
5.01928 0
5.019185 0
5.019148 0
5.018962 0
5.01896 0
5.018951 0
5.018888 0
5.018868 0
5.018793 0
5.018782 0
5.01877 0
5.018762 0
5.018698 0
5.018691 0
5.018629 0
5.018543 0
5.018525 0
5.018515 0
5.018515 0
5.018456 0
5.018417 0
5.018361 0
5.018348 0
5.018339 0
5.018292 0
5.018239 0
5.018185 0
5.01818 0
5.018093 0
5.018079 0
5.018074 0
5.018009 0
5.017972 0
5.017971 0
5.017875 0
5.017823 0
5.017766 0
5.017664 0
5.017658 0
5.017641 0
5.017623 0
5.01756 0
5.017518 0
5.017496 0
5.017485 0
5.017429 0
5.017362 0
5.017301 0
5.017246 0
5.017165 0
5.017156 0
5.017142 0
5.017127 0
5.017112 0
5.017111 0
5.017066 0
5.016994 0
5.016976 0
5.016925 0
5.016877 0
5.016856 0
5.016826 0
5.016779 0
5.016776 0
5.016732 0
5.016728 0
5.016723 0
5.016722 0
5.016674 0
5.016668 0
5.016655 0
5.016603 0
5.01651 0
5.01649 0
5.016484 0
5.016273 0
5.016254 0
5.016205 0
5.01617 0
5.016116 0
5.016005 0
5.015966 0
5.015846 0
5.015837 0
5.015707 0
5.015697 0
5.015665 0
5.015584 0
5.015514 0
5.015511 0
5.015482 0
5.015435 0
5.015405 0
5.015404 0
5.015394 0
5.015263 0
5.015225 0
5.015215 0
5.015203 0
5.015093 0
5.015057 0
5.015033 0
5.014962 0
5.014919 0
5.014877 0
5.01485 0
5.014836 0
5.014832 0
5.014754 0
5.014738 0
5.01469 0
5.014685 0
5.014681 0
5.014647 0
5.0146 0
5.014569 0
5.014522 0
5.014497 0
5.01447 0
5.014442 0
5.014321 0
5.014098 0
5.014059 0
5.01403 0
5.014017 0
5.013972 0
5.013875 0
5.01382 0
5.013737 0
5.013727 0
5.013719 0
5.013709 0
5.013681 0
5.013679 0
5.013651 0
5.013612 0
5.013595 0
5.013551 0
5.013542 0
5.013539 0
5.013532 0
5.013517 0
5.013484 0
5.013422 0
5.01332 0
5.013124 0
5.012984 0
5.012969 0
5.01296 0
5.012941 0
5.012909 0
5.012866 0
5.012805 0
5.012788 0
5.01262 0
5.012581 0
5.012547 0
5.01252 0
5.012513 0
5.012459 0
5.012437 0
5.012414 0
5.012392 0
5.012358 0
5.012336 0
5.01232 0
5.012298 0
5.012286 0
5.012274 0
5.01217 0
5.012153 0
5.012037 0
5.012027 0
5.012023 0
5.011992 0
5.011934 0
5.011851 0
5.011851 0
5.011839 0
5.011765 0
5.011733 0
5.011707 0
5.011662 0
5.011631 0
5.011572 0
5.01157 0
5.011503 0
5.011468 0
5.011448 0
5.011419 0
5.011407 0
5.011373 0
5.011347 0
5.011343 0
5.011326 0
5.01124 0
5.011198 0
5.011197 0
5.011163 0
5.011163 0
5.011157 0
5.011085 0
5.011051 0
5.011037 0
5.011005 0
5.010982 0
5.010931 0
5.010914 0
5.010887 0
5.010861 0
5.010793 0
5.010745 0
5.010733 0
5.010703 0
5.010613 0
5.010611 0
5.010555 0
5.010503 0
5.010502 0
5.010414 0
5.01038 0
5.01032 0
5.010072 0
5.010029 0
5.010026 0
5.009994 0
5.009929 0
5.009922 0
5.009915 0
5.009798 0
5.009748 0
5.009726 0
5.009706 0
5.009696 0
5.009675 0
5.009543 0
5.009523 0
5.009523 0
5.009483 0
5.009479 0
5.009429 0
5.009423 0
5.009404 0
5.009397 0
5.009393 0
5.009383 0
5.009369 0
5.009364 0
5.009336 0
5.009322 0
5.009281 0
5.009275 0
5.009273 0
5.00922 0
5.009161 0
5.009029 0
5.009022 0
5.009005 0
5.008985 0
5.008965 0
5.008903 0
5.008859 0
5.008858 0
5.008832 0
5.00881 0
5.008794 0
5.008728 0
5.008667 0
5.008656 0
5.00862 0
5.008582 0
5.00854 0
5.008502 0
5.008493 0
5.008455 0
5.008439 0
5.008421 0
5.008388 0
5.008265 0
5.008257 0
5.008244 0
5.008241 0
5.008232 0
5.008225 0
5.008082 0
5.008072 0
5.007999 0
5.007984 0
5.007977 0
5.007965 0
5.007862 0
5.007835 0
5.007823 0
5.007757 0
5.007729 0
5.007666 0
5.007636 0
5.00761 0
5.007578 0
5.007546 0
5.007542 0
5.007297 0
5.007194 0
5.007166 0
5.007085 0
5.007056 0
5.006954 0
5.006815 0
5.006791 0
5.006732 0
5.006675 0
5.006643 0
5.006591 0
5.0065 0
5.006479 0
5.006385 0
5.006303 0
5.006301 0
5.006235 0
5.006223 0
5.006218 0
5.006207 0
5.006204 0
5.006125 0
5.006122 0
5.006083 0
5.00607 0
5.006039 0
5.006007 0
5.005964 0
5.005843 0
5.005837 0
5.005771 0
5.005648 0
5.005632 0
5.005612 0
5.005572 0
5.005494 0
5.005463 0
5.005463 0
5.005331 0
5.005299 0
5.005286 0
5.005129 0
5.005105 0
5.005067 0
5.005047 0
5.005014 0
5.004988 0
5.004958 0
5.004957 0
5.004955 0
5.004921 0
5.004908 0
5.004893 0
5.004862 0
5.004855 0
5.00482 0
5.00477 0
5.00469 0
5.004683 0
5.004673 0
5.004549 0
5.004539 0
5.004502 0
5.004493 0
5.004444 0
5.004359 0
5.004348 0
5.004273 0
5.004252 0
5.004172 0
5.004164 0
5.004142 0
5.004063 0
5.003998 0
5.003985 0
5.003976 0
5.003976 0
5.003958 0
5.003933 0
5.003825 0
5.003823 0
5.003808 0
5.003774 0
5.003747 0
5.003744 0
5.003737 0
5.003723 0
5.003722 0
5.003685 0
5.003652 0
5.00354 0
5.003538 0
5.003494 0
5.003493 0
5.003473 0
5.00346 0
5.003425 0
5.00338 0
5.003366 0
5.003314 0
5.003296 0
5.003272 0
5.003239 0
5.003163 0
5.003122 0
5.003055 0
5.003043 0
5.003039 0
5.003015 0
5.003013 0
5.003007 0
5.002997 0
5.002906 0
5.002895 0
5.00288 0
5.002854 0
5.002822 0
5.0028 0
5.002759 0
5.002652 0
5.002642 0
5.002531 0
5.002529 0
5.002493 0
5.002454 0
5.002449 0
5.002392 0
5.002377 0
5.002374 0
5.002363 0
5.002288 0
5.002269 0
5.002229 0
5.002115 0
5.002089 0
5.002083 0
5.002073 0
5.002061 0
5.001999 0
5.001999 0
5.001969 0
5.001958 0
5.001929 0
5.001906 0
5.0019 0
5.001893 0
5.001853 0
5.001816 0
5.001752 0
5.001704 0
5.001688 0
5.001675 0
5.001665 0
5.00166 0
5.001581 0
5.00158 0
5.001561 0
5.00154 0
5.001496 0
5.001492 0
5.001483 0
5.001476 0
5.001408 0
5.001399 0
5.001393 0
5.001387 0
5.00137 0
5.001342 0
5.001334 0
5.001328 0
5.001292 0
5.001288 0
5.0012 0
5.001187 0
5.001181 0
5.001157 0
5.001148 0
5.001142 0
5.001136 0
5.001075 0
5.001071 0
5.001054 0
5.001002 0
5.001 0
5.000977 0
5.000969 0
5.000962 0
5.000927 0
5.00087 0
5.000869 0
5.000814 0
5.000793 0
5.00078 0
5.000738 0
5.000701 0
5.000659 0
5.000576 0
5.000552 0
5.000547 0
5.000535 0
5.000431 0
5.000339 0
5.000295 0
5.000292 0
5.000283 0
5.000161 0
5.000144 0
5.000142 0
5.000123 0
5.000092 0
5.000055 0
4.999945 0
4.999937 0
4.999918 0
4.999899 0
4.99988 0
4.999814 0
4.99977 0
4.99973 0
4.999723 0
4.999701 0
4.99968 0
4.999629 0
4.999591 0
4.999545 0
4.999541 0
4.999515 0
4.999501 0
4.999501 0
4.999479 0
4.999462 0
4.999447 0
4.999446 0
4.999429 0
4.999393 0
4.999367 0
4.99934 0
4.999337 0
4.999335 0
4.9993 0
4.999198 0
4.999172 0
4.999117 0
4.999055 0
4.999053 0
4.999039 0
4.99903 0
4.999018 0
4.99901 0
4.999008 0
4.998931 0
4.998912 0
4.998882 0
4.998875 0
4.998822 0
4.998809 0
4.998808 0
4.998787 0
4.998754 0
4.998741 0
4.998693 0
4.998655 0
4.998649 0
4.998602 0
4.998592 0
4.998579 0
4.998525 0
4.998519 0
4.998513 0
4.998481 0
4.998476 0
4.998463 0
4.998431 0
4.99839 0
4.998302 0
4.99826 0
4.998168 0
4.998147 0
4.998127 0
4.998107 0
4.998106 0
4.998071 0
4.998055 0
4.998045 0
4.997933 0
4.997894 0
4.997836 0
4.997804 0
4.997787 0
4.997771 0
4.997756 0
4.997728 0
4.997678 0
4.997646 0
4.997643 0
4.997612 0
4.997608 0
4.997606 0
4.997524 0
4.997464 0
4.997347 0
4.997345 0
4.99734 0
4.997249 0
4.997229 0
4.997118 0
4.997059 0
4.997007 0
4.996992 0
4.996967 0
4.996925 0
4.99692 0
4.996914 0
4.996878 0
4.996877 0
4.996865 0
4.996858 0
4.996853 0
4.996789 0
4.996786 0
4.996715 0
4.996697 0
4.996675 0
4.996561 0
4.996551 0
4.996476 0
4.996471 0
4.996435 0
4.996411 0
4.996329 0
4.996254 0
4.996241 0
4.996215 0
4.996167 0
4.996154 0
4.996138 0
4.996137 0
4.996137 0
4.99613 0
4.996127 0
4.996101 0
4.99608 0
4.996021 0
4.996018 0
4.995986 0
4.995961 0
4.995903 0
4.995892 0
4.99587 0
4.99587 0
4.995863 0
4.995696 0
4.995655 0
4.995628 0
4.995625 0
4.995611 0
4.995547 0
4.995528 0
4.995519 0
4.99547 0
4.995469 0
4.995461 0
4.995436 0
4.995411 0
4.995362 0
4.995322 0
4.995254 0
4.995236 0
4.995224 0
4.995224 0
4.995192 0
4.995184 0
4.995163 0
4.995111 0
4.995108 0
4.995097 0
4.995077 0
4.994969 0
4.994941 0
4.994935 0
4.994926 0
4.994904 0
4.9949 0
4.994862 0
4.994804 0
4.994728 0
4.994704 0
4.994644 0
4.994618 0
4.994603 0
4.994584 0
4.994458 0
4.994407 0
4.994377 0
4.99437 0
4.99436 0
4.99428 0
4.994273 0
4.994271 0
4.99426 0
4.994248 0
4.994247 0
4.994173 0
4.994162 0
4.994127 0
4.994104 0
4.994085 0
4.994066 0
4.994058 0
4.994045 0
4.994044 0
4.994013 0
4.994012 0
4.993977 0
4.993975 0
4.993974 0
4.993968 0
4.993952 0
4.993943 0
4.993856 0
4.993768 0
4.993711 0
4.9937 0
4.993696 0
4.993692 0
4.993639 0
4.993618 0
4.993603 0
4.993568 0
4.993559 0
4.993532 0
4.993519 0
4.993516 0
4.993474 0
4.993442 0
4.993424 0
4.993289 0
4.99325 0
4.993231 0
4.993164 0
4.993138 0
4.993115 0
4.993108 0
4.993081 0
4.993079 0
4.99307 0
4.993002 0
4.992981 0
4.992939 0
4.992933 0
4.992909 0
4.992889 0
4.99287 0
4.992845 0
4.992841 0
4.992815 0
4.992794 0
4.992793 0
4.992767 0
4.992763 0
4.992694 0
4.992599 0
4.992563 0
4.992553 0
4.992547 0
4.992537 0
4.992515 0
4.992514 0
4.9925 0
4.992484 0
4.992424 0
4.992392 0
4.992373 0
4.992357 0
4.992344 0
4.992303 0
4.992294 0
4.99229 0
4.992273 0
4.992263 0
4.992229 0
4.992155 0
4.992131 0
4.99207 0
4.992027 0
4.992026 0
4.99201 0
4.992009 0
4.991918 0
4.991804 0
4.991776 0
4.991683 0
4.991656 0
4.991652 0
4.9916 0
4.991565 0
4.991542 0
4.991539 0
4.991484 0
4.991326 0
4.991276 0
4.991271 0
4.991262 0
4.991238 0
4.991172 0
4.991172 0
4.991143 0
4.991115 0
4.991114 0
4.991038 0
4.990945 0
4.99087 0
4.990768 0
4.99076 0
4.990718 0
4.990713 0
4.990669 0
4.990582 0
4.990553 0
4.990519 0
4.990461 0
4.990409 0
4.990408 0
4.990402 0
4.990381 0
4.990351 0
4.990348 0
4.990331 0
4.990296 0
4.990284 0
4.990281 0
4.990273 0
4.990267 0
4.990255 0
4.990231 0
4.990229 0
4.990221 0
4.990217 0
4.99016 0
4.990097 0
4.990032 0
4.990016 0
4.989999 0
4.989994 0
4.989959 0
4.989792 0
4.989778 0
4.989758 0
4.989744 0
4.989723 0
4.989708 0
4.98969 0
4.989676 0
4.989667 0
4.989607 0
4.989593 0
4.989563 0
4.989558 0
4.989552 0
4.989517 0
4.98951 0
4.9895 0
4.989479 0
4.989478 0
4.989386 0
4.98936 0
4.989324 0
4.98929 0
4.989274 0
4.989262 0
4.989171 0
4.989153 0
4.989003 0
4.988985 0
4.988954 0
4.988857 0
4.988855 0
4.988812 0
4.988702 0
4.988699 0
4.988699 0
4.988689 0
4.988684 0
4.988667 0
4.988664 0
4.988657 0
4.988657 0
4.988642 0
4.988584 0
4.988516 0
4.988504 0
4.988456 0
4.988379 0
4.988363 0
4.988343 0
4.988322 0
4.988322 0
4.988307 0
4.988271 0
4.988268 0
4.988258 0
4.988174 0
4.988156 0
4.988012 0
4.987885 0
4.987836 0
4.987828 0
4.987812 0
4.987812 0
4.987792 0
4.987786 0
4.987777 0
4.987749 0
4.987731 0
4.987716 0
4.98767 0
4.987648 0
4.987616 0
4.987562 0
4.987543 0
4.987519 0
4.987482 0
4.987431 0
4.987422 0
4.987404 0
4.987381 0
4.987361 0
4.987239 0
4.987238 0
4.987227 0
4.987105 0
4.987063 0
4.987049 0
4.98703 0
4.987003 0
4.986887 0
4.986856 0
4.986812 0
4.986788 0
4.986783 0
4.986769 0
4.986747 0
4.986728 0
4.986719 0
4.98668 0
4.986671 0
4.986636 0
4.986628 0
4.986611 0
4.986607 0
4.986559 0
4.986559 0
4.986522 0
4.986519 0
4.986412 0
4.986406 0
4.986403 0
4.986361 0
4.986343 0
4.986335 0
4.986333 0
4.986306 0
4.98629 0
4.986228 0
4.986218 0
4.986214 0
4.986126 0
4.986116 0
4.986046 0
4.986008 0
4.985918 0
4.985917 0
4.985911 0
4.98591 0
4.985878 0
4.985859 0
4.985843 0
4.985798 0
4.985754 0
4.985707 0
4.985687 0
4.98562 0
4.985547 0
4.985543 0
4.985541 0
4.985387 0
4.985384 0
4.985262 0
4.985257 0
4.985242 0
4.985179 0
4.985139 0
4.985108 0
4.985094 0
4.985094 0
4.985087 0
4.985068 0
4.985061 0
4.985046 0
4.985032 0
4.985006 0
4.984905 0
4.98478 0
4.984681 0
4.984635 0
4.984593 0
4.984591 0
4.984585 0
4.984575 0
4.984568 0
4.984557 0
4.984555 0
4.984536 0
4.984527 0
4.984496 0
4.984456 0
4.984435 0
4.984423 0
4.984394 0
4.98437 0
4.984365 0
4.984293 0
4.984291 0
4.984265 0
4.984262 0
4.984223 0
4.98421 0
4.984179 0
4.984174 0
4.984153 0
4.984123 0
4.984111 0
4.98407 0
4.983987 0
4.983972 0
4.98395 0
4.983755 0
4.983733 0
4.983719 0
4.983414 0
4.983411 0
4.983353 0
4.983314 0
4.983187 0
4.983174 0
4.983173 0
4.983117 0
4.983111 0
4.982963 0
4.982929 0
4.982841 0
4.982773 0
4.98275 0
4.982694 0
4.982682 0
4.982637 0
4.982635 0
4.982489 0
4.982372 0
4.982357 0
4.982262 0
4.982245 0
4.982213 0
4.982152 0
4.982135 0
4.982112 0
4.982104 0
4.982077 0
4.981953 0
4.981874 0
4.981871 0
4.981863 0
4.981848 0
4.981799 0
4.981639 0
4.981558 0
4.981453 0
4.981353 0
4.981334 0
4.981138 0
4.981129 0
4.981092 0
4.981066 0
4.981057 0
4.98103 0
4.980958 0
4.980902 0
4.9809 0
4.980803 0
4.980767 0
4.980742 0
4.980722 0
4.980721 0
4.980652 0
4.980595 0
4.980569 0
4.980563 0
4.980549 0
4.980463 0
4.98046 0
4.980432 0
4.980388 0
4.980351 0
4.980182 0
4.980178 0
4.980176 0
4.98011 0
4.980099 0
4.980073 0
4.980011 0
4.97999 0
4.97999 0
4.979985 0
4.979907 0
4.979829 0
4.97982 0
4.979618 0
4.979615 0
4.979603 0
4.979603 0
4.979591 0
4.979548 0
4.979529 0
4.979526 0
4.979504 0
4.979434 0
4.979368 0
4.979311 0
4.979294 0
4.979283 0
4.979227 0
4.979173 0
4.979044 0
4.97902 0
4.978741 0
4.97865 0
4.978601 0
4.978546 0
4.9785 0
4.978456 0
4.978445 0
4.978422 0
4.978317 0
4.978107 0
4.977982 0
4.977976 0
4.977941 0
4.977939 0
4.977933 0
4.977869 0
4.977865 0
4.977797 0
4.97776 0
4.977671 0
4.97767 0
4.977626 0
4.977574 0
4.977362 0
4.977359 0
4.977305 0
4.977211 0
4.977182 0
4.977021 0
4.976985 0
4.976928 0
4.976885 0
4.976823 0
4.97681 0
4.976748 0
4.9764 0
4.97636 0
4.976318 0
4.976283 0
4.976251 0
4.976087 0
4.97608 0
4.976001 0
4.975967 0
4.975951 0
4.975935 0
4.975922 0
4.975906 0
4.975882 0
4.975809 0
4.975754 0
4.975657 0
4.975605 0
4.975565 0
4.975498 0
4.975468 0
4.975436 0
4.975373 0
4.975334 0
4.975252 0
4.975226 0
4.975005 0
4.974792 0
4.974685 0
4.974676 0
4.974587 0
4.974572 0
4.974444 0
4.974341 0
4.974333 0
4.974128 0
4.974128 0
4.974125 0
4.974112 0
4.973967 0
4.97393 0
4.973836 0
4.973822 0
4.973734 0
4.97368 0
4.973679 0
4.97356 0
4.973556 0
4.973464 0
4.97338 0
4.973243 0
4.973135 0
4.973113 0
4.973095 0
4.973066 0
4.973065 0
4.973037 0
4.973032 0
4.973023 0
4.97292 0
4.972796 0
4.972759 0
4.972578 0
4.972474 0
4.972467 0
4.972392 0
4.972258 0
4.972251 0
4.972219 0
4.972193 0
4.972192 0
4.972138 0
4.972065 0
4.972002 0
4.971846 0
4.971795 0
4.971791 0
4.971494 0
4.971478 0
4.971466 0
4.971271 0
4.971177 0
4.971071 0
4.971069 0
4.970988 0
4.970973 0
4.970953 0
4.970916 0
4.970914 0
4.970783 0
4.970763 0
4.970459 0
4.970315 0
4.970254 0
4.970205 0
4.97012 0
4.970109 0
4.969987 0
4.9699 0
4.969891 0
4.969849 0
4.969837 0
4.969794 0
4.969712 0
4.969694 0
4.969648 0
4.969584 0
4.969536 0
4.969527 0
4.969282 0
4.969114 0
4.969073 0
4.969039 0
4.969019 0
4.968825 0
4.968787 0
4.968734 0
4.968734 0
4.968728 0
4.968697 0
4.968616 0
4.968344 0
4.968338 0
4.968072 0
4.968022 0
4.967943 0
4.96788 0
4.967426 0
4.96709 0
4.967045 0
4.967042 0
4.966829 0
4.966825 0
4.966596 0
4.966535 0
4.966526 0
4.966395 0
4.966239 0
4.966187 0
4.966137 0
4.966009 0
4.965992 0
4.965843 0
4.965797 0
4.965633 0
4.965536 0
4.965535 0
4.965418 0
4.965405 0
4.965404 0
4.965106 0
4.964999 0
4.964993 0
4.964966 0
4.964849 0
4.964677 0
4.964674 0
4.964655 0
4.964456 0
4.964223 0
4.964118 0
4.964092 0
4.963643 0
4.963412 0
4.963192 0
4.963178 0
4.963106 0
4.962739 0
4.962568 0
4.962517 0
4.962386 0
4.962283 0
4.962116 0
4.961878 0
4.961815 0
4.961739 0
4.961615 0
4.961614 0
4.961097 0
4.961066 0
4.960991 0
4.960915 0
4.960912 0
4.960842 0
4.960468 0
4.960411 0
4.960289 0
4.960071 0
4.95984 0
4.959539 0
4.959447 0
4.959431 0
4.959267 0
4.959135 0
4.959004 0
4.958889 0
4.958855 0
4.958721 0
4.95871 0
4.958661 0
4.958631 0
4.958629 0
4.958388 0
4.958262 0
4.958233 0
4.958025 0
4.957887 0
4.95787 0
4.957726 0
4.957415 0
4.957364 0
4.957172 0
4.957171 0
4.956897 0
4.956838 0
4.956804 0
4.95669 0
4.956675 0
4.956366 0
4.955915 0
4.955881 0
4.955874 0
4.955873 0
4.955871 0
4.955815 0
4.95565 0
4.955581 0
4.955402 0
4.955333 0
4.955278 0
4.955116 0
4.954821 0
4.954733 0
4.954709 0
4.954178 0
4.954136 0
4.953815 0
4.953805 0
4.953698 0
4.953502 0
4.953049 0
4.952825 0
4.952754 0
4.952638 0
4.952426 0
4.952251 0
4.951834 0
4.951675 0
4.951016 0
4.950562 0
4.950285 0
4.949774 0
4.949464 0
4.948931 0
4.948616 0
4.948413 0
4.948202 0
4.948193 0
4.947932 0
4.947842 0
4.947385 0
4.947043 0
4.946791 0
4.946678 0
4.945231 0
4.945223 0
4.945168 0
4.944976 0
4.944157 0
4.944147 0
4.944026 0
4.943854 0
4.943699 0
4.943514 0
4.943412 0
4.943329 0
4.943254 0
4.943093 0
4.942782 0
4.942375 0
4.942256 0
4.942206 0
4.942039 0
4.941953 0
4.941735 0
4.941622 0
4.941564 0
4.940961 0
4.940875 0
4.940516 0
4.940243 0
4.939432 0
4.938616 0
4.938282 0
4.938241 0
4.938008 0
4.937634 0
4.937498 0
4.93738 0
4.937329 0
4.937284 0
4.936512 0
4.93633 0
4.935565 0
4.935332 0
4.935115 0
4.934931 0
4.934896 0
4.933888 0
4.933582 0
4.933087 0
4.932465 0
4.932076 0
4.931013 0
4.930983 0
4.93077 0
4.929841 0
4.929821 0
4.929108 0
4.928342 0
4.92772 0
4.927164 0
4.926256 0
4.925863 0
4.9257 0
4.925374 0
4.924632 0
4.924393 0
4.923996 0
4.923399 0
4.923042 0
4.922875 0
4.92285 0
4.922664 0
4.921203 0
4.920659 0
4.919658 0
4.919559 0
4.91954 0
4.918375 0
4.91808 0
4.917087 0
4.914948 0
4.912614 0
4.912417 0
4.910307 0
4.909991 0
4.908508 0
4.907693 0
4.907169 0
4.906054 0
4.905766 1
4.905004 0
4.904749 0
4.90398 0
4.899586 0
4.897422 0
4.893609 0
4.8845 0
4.88275 0
4.878546 0
4.874502 0
4.874076 0
4.871609 0
4.869771 0
4.869274 0
4.864398 0
4.864238 0
4.863907 0
4.847903 0
4.846108 0
4.84235 0
4.840475 0
4.839042 0
4.836551 0
4.830921 0
4.828422 0
4.822428 0
4.791704 0
4.770875 0
4.748966 0
4.688852 0
--- Writing PR file aupr/P_Y.txt.pr ---
--- Writing standardized PR file aupr/P_Y.txt.spr ---
--- Writing ROC file aupr/P_Y.txt.roc ---
Area Under the Curve for Precision - Recall is 0.7329014708460698
Area Under the Curve for ROC is 0.958077942735949
